 RECIEVE  CHUNK_OF_BLOCKS(263) [0, 86, 1, 118, 0, 5, 0, 51, 1, 1, 1, 5, 5, 5, 5, 5, 1, 1, 1, 1, 1, 1, 1, 1, 1, 1, 1, 1, 1, 1, 1, 1, 1, 1, 1, 1, 1, 1, 1, 1, 1, 1, 1, 1, 1, 1, 1, 1, 1, 1, 1, 1, 1, 1, 1, 1, 1, 6, 6, 1, 1, 1, 5, 5, 5, 5, 5, 1, 1, 1, 1, 1, 1, 1, 1, 1, 1, 1, 1, 1, 1, 1, 1, 1, 1, 1, 1, 1, 1, 1, 1, 1, 1, 1, 1, 1, 1, 1, 1, 1, …]
 RECIEVE  PLAYER_POS(8) [0, 89, 1, 100, 0, 247, 0, 1]
 RECIEVE  PLAYER_DIE(2) [0, 247]
 RECIEVE  PLAYER_POS(7) [0, 91, 1, 100, 0, 247, 0]
 RECIEVE  MINIMAP(201) [2, 30, 248, 243, 15, 32, 255, 3, 28, 0, 0, 30, 24, 240, 15, 32, 255, 3, 28, 0, 0, 14, 16, 240, 15, 0, 252, 241, 63, 0, 2, 14, 0, 240, 15, 0, 248, 240, 15, 0, 0, 14, 0, 240, 15, 0, 248, 241, 15, 0, 0, 14, 0, 240, 15, 0, 136, 241, 7, 0, 0, 14, 0, 0, 0, 24, 8, 241, 7, 0, 0, 14, 0, 6, 0, 24, 8, 241, 7, 128, 170, 2, 0, 6, 192, 127, 136, 240, 7, 128, 170, 130, 0, 255, 255, 127, 136, 240, 7, 0, …]
 RECIEVE  CHUNK_OF_BLOCKS(263) [0, 91, 1, 118, 0, 5, 0, 51, 1, 1, 1, 1, 1, 5, 5, 5, 5, 1, 1, 1, 1, 1, 1, 1, 1, 1, 1, 1, 1, 1, 1, 1, 1, 1, 1, 1, 1, 1, 1, 1, 1, 1, 1, 1, 1, 1, 1, 1, 1, 1, 1, 1, 1, 1, 1, 1, 1, 6, 6, 1, 1, 1, 1, 1, 5, 5, 5, 5, 1, 1, 1, 1, 1, 1, 1, 1, 1, 1, 1, 1, 1, 1, 1, 1, 1, 1, 1, 1, 1, 1, 1, 1, 1, 1, 1, 1, 1, 1, 1, 1, …]
 RECIEVE  FILL_AREA(10) [0, 85, 1, 121, 0, 4, 0, 5, 1, 0]
 RECIEVE  FILL_AREA(10) [0, 89, 1, 121, 0, 1, 0, 6, 1, 0]
 RECIEVE  FILL_AREA(10) [0, 90, 1, 123, 0, 4, 0, 4, 1, 0]
 SEND     UPDATE_DIR {dir: 1, coord: Array(2)}
 RECIEVE  CHUNK_OF_BLOCKS(263) [0, 96, 1, 118, 0, 5, 0, 51, 1, 1, 1, 1, 1, 1, 1, 1, 1, 1, 1, 1, 1, 1, 1, 1, 1, 1, 1, 1, 1, 1, 1, 1, 1, 1, 1, 1, 1, 1, 1, 1, 1, 1, 1, 1, 1, 1, 1, 1, 1, 1, 1, 1, 1, 1, 1, 1, 1, 6, 6, 1, 1, 1, 1, 1, 1, 1, 1, 1, 1, 1, 1, 1, 1, 1, 1, 1, 1, 1, 1, 1, 1, 1, 1, 1, 1, 1, 1, 1, 1, 1, 1, 1, 1, 1, 1, 1, 1, 1, 1, 1, …]
 SEND     UPDATE_DIR {dir: 2, coord: Array(2)}
 RECIEVE  PLAYER_POS(8) [0, 77, 1, 143, 0, 0, 1, 1]
 RECIEVE  PLAYER_HONK(3) [0, 247, 70]
 RECIEVE  PLAYER_POS(8) [0, 77, 1, 144, 0, 0, 2, 1]
 SEND     PING undefined
 SEND     UPDATE_DIR {dir: 1, coord: Array(2)}
 RECIEVE  MINIMAP(201) [3, 254, 128, 135, 255, 255, 1, 39, 0, 128, 170, 254, 131, 135, 255, 255, 1, 63, 0, 0, 0, 254, 131, 135, 255, 255, 1, 63, 0, 0, 0, 254, 159, 135, 254, 255, 1, 7, 0, 0, 0, 254, 223, 128, 254, 255, 8, 192, 255, 255, 255, 254, 127, 128, 224, 255, 8, 192, 255, 255, 255, 254, 127, 129, 224, 255, 0, 192, 255, 255, 255, 254, 127, 128, 192, 255, 16, 192, 255, 255, 255, 254, 31, 0, 0, 240, 16, 192, 255, 255, 255, 254, 15, 0, 0, 0, 128, 192, 255, 255, …]
 RECIEVE  CHUNK_OF_BLOCKS(263) [0, 47, 1, 118, 0, 5, 0, 51, 1, 1, 1, 1, 1, 1, 1, 1, 1, 1, 1, 1, 1, 1, 1, 1, 1, 1, 1, 1, 1, 1, 1, 1, 1, 1, 1, 1, 1, 1, 1, 1, 1, 1, 1, 1, 1, 1, 1, 1, 1, 1, 1, 1, 1, 1, 1, 1, 1, 1, 1, 1, 1, 1, 1, 1, 1, 1, 1, 1, 1, 1, 1, 1, 1, 1, 1, 1, 1, 1, 1, 1, 1, 1, 1, 1, 1, 1, 1, 1, 1, 1, 1, 1, 1, 1, 1, 1, 1, 1, 1, 1, …]
 RECIEVE  PONG []
 SEND     UPDATE_DIR {dir: 2, coord: Array(2)}
 RECIEVE  PLAYER_POS(8) [0, 70, 1, 144, 0, 0, 1, 1]
 RECIEVE  PLAYER_POS(8) [0, 70, 1, 146, 0, 0, 2, 1]
 RECIEVE  MY_RANK(2) [0, 50]
 RECIEVE  LEADERBOARD(138) [0, 54, 0, 0, 112, 16, 15, 80, 108, 97, 116, 102, 111, 114, 109, 32, 57, 32, 51, 47, 52, 126, 0, 0, 79, 48, 3, 86, 105, 107, 0, 0, 77, 3, 5, 109, 97, 114, 103, 101, 0, 0, 68, 248, 5, 80, 97, 112, 101, 114, 0, 0, 49, 90, 0, 0, 0, 29, 31, 8, 98, 97, 98, 121, 103, 105, 114, 108, 0, 0, 28, 76, 15, 32, 32, 32, 32, 32, 32, 66, 111, 111, 109, 115, 108, 97, 110, 103, 0, 0, 28, 63, 20, 116, 97, 110, 110, 101, 114, 32, …]
 RECIEVE  CHUNK_OF_BLOCKS(263) [0, 43, 1, 118, 0, 5, 0, 51, 1, 1, 1, 1, 1, 1, 1, 1, 1, 1, 1, 1, 1, 1, 1, 1, 1, 1, 1, 1, 1, 1, 1, 1, 1, 1, 1, 1, 1, 1, 1, 1, 1, 1, 1, 1, 1, 1, 1, 1, 1, 1, 1, 1, 1, 1, 1, 1, 1, 1, 1, 1, 1, 1, 1, 1, 1, 1, 1, 1, 1, 1, 1, 1, 1, 1, 1, 1, 1, 1, 1, 1, 1, 1, 1, 1, 1, 1, 1, 1, 1, 1, 1, 1, 1, 1, 1, 1, 1, 1, 1, 1, …]
 RECIEVE  CHUNK_OF_BLOCKS(263) [0, 39, 1, 118, 0, 5, 0, 51, 1, 1, 1, 1, 1, 1, 1, 1, 1, 1, 1, 1, 1, 1, 1, 1, 1, 1, 1, 1, 1, 1, 1, 1, 1, 1, 1, 1, 1, 1, 1, 1, 1, 1, 1, 1, 1, 1, 1, 1, 1, 1, 1, 1, 1, 1, 1, 1, 1, 1, 1, 1, 1, 1, 1, 1, 1, 1, 1, 1, 1, 1, 1, 1, 1, 1, 1, 1, 1, 1, 1, 1, 1, 1, 1, 1, 1, 1, 1, 1, 1, 1, 1, 1, 1, 1, 1, 1, 1, 1, 1, 1, …]
 RECIEVE  MINIMAP(201) [0, 0, 0, 0, 0, 0, 0, 0, 0, 0, 0, 254, 63, 226, 255, 143, 31, 0, 31, 0, 15, 254, 63, 224, 255, 143, 31, 0, 15, 0, 15, 254, 63, 224, 255, 159, 31, 0, 14, 0, 63, 254, 31, 224, 255, 159, 31, 0, 0, 0, 63, 254, 15, 224, 255, 159, 31, 0, 0, 248, 63, 254, 15, 224, 255, 159, 31, 0, 0, 240, 63, 254, 15, 224, 255, 159, 31, 0, 0, 240, 127, 254, 7, 240, 255, 159, 31, 0, 254, 241, 127, 96, 0, 240, 255, 159, 31, 0, 254, 241, …]
 SEND     UPDATE_DIR {dir: 3, coord: Array(2)}
 RECIEVE  CHUNK_OF_BLOCKS(263) [0, 35, 1, 118, 0, 5, 0, 51, 1, 1, 1, 1, 1, 1, 1, 1, 1, 1, 1, 1, 1, 1, 1, 1, 1, 1, 1, 1, 1, 1, 1, 1, 1, 1, 1, 1, 1, 1, 1, 1, 1, 1, 1, 1, 1, 1, 1, 1, 1, 1, 1, 1, 1, 1, 1, 1, 1, 1, 1, 1, 1, 1, 1, 1, 1, 1, 1, 1, 1, 1, 1, 1, 1, 1, 1, 1, 1, 1, 1, 1, 1, 1, 1, 1, 1, 1, 1, 1, 1, 1, 1, 1, 1, 1, 1, 1, 1, 1, 1, 1, …]
 RECIEVE  PLAYER_POS(7) [0, 53, 1, 176, 0, 154, 3]
 RECIEVE  SET_TRAIL(10) [0, 154, 0, 55, 1, 184, 0, 53, 1, 184]
 RECIEVE  PLAYER_NAME(11) [0, 154, 67, 104, 114, 105, 115, 116, 109, 97, 115]
 RECIEVE  PLAYER_SKIN(3) [0, 154, 4]
 RECIEVE  PLAYER_POS(8) [0, 57, 1, 146, 0, 0, 3, 1]
 RECIEVE  FILL_AREA(10) [0, 59, 1, 143, 0, 19, 0, 1, 2, 0]
 RECIEVE  FILL_AREA(10) [0, 77, 1, 143, 0, 1, 0, 2, 2, 0]
 RECIEVE  FILL_AREA(10) [0, 70, 1, 144, 0, 8, 0, 1, 2, 0]
 RECIEVE  FILL_AREA(10) [0, 70, 1, 144, 0, 1, 0, 3, 2, 0]
 RECIEVE  FILL_AREA(10) [0, 57, 1, 146, 0, 14, 0, 1, 2, 0]
 RECIEVE  FILL_AREA(10) [0, 57, 1, 145, 0, 1, 0, 2, 2, 0]
 RECIEVE  EMPTY_TRAIL_WITH_LAST_POS(6) [0, 0, 0, 57, 1, 146]
 RECIEVE  FILL_AREA(10) [0, 59, 1, 144, 0, 11, 0, 2, 2, 0]
 RECIEVE  MY_SCORE(6) [0, 0, 0, 89, 0, 0]
 RECIEVE  REMOVE_PLAYER(2) [0, 247]
 SEND     UPDATE_DIR {dir: 4, coord: Array(2)}
 RECIEVE  SET_TRAIL(6) [0, 0, 0, 57, 1, 140]
 RECIEVE  PLAYER_POS(8) [0, 57, 1, 140, 0, 0, 4, 1]
 RECIEVE  MINIMAP(201) [1, 30, 0, 254, 255, 1, 54, 0, 254, 1, 48, 158, 3, 252, 255, 1, 22, 0, 254, 255, 1, 158, 3, 248, 255, 1, 0, 0, 0, 254, 241, 158, 3, 0, 254, 129, 1, 0, 0, 254, 241, 158, 7, 0, 0, 128, 59, 0, 0, 254, 1, 128, 7, 64, 0, 0, 63, 0, 0, 254, 63, 0, 0, 128, 0, 0, 63, 0, 192, 255, 63, 48, 0, 16, 0, 0, 56, 0, 194, 255, 63, 48, 0, 0, 0, 0, 56, 0, 0, 254, 63, 0, 0, 2, 0, 0, 30, 0, 0, 0, …]
 RECIEVE  PLAYER_POS(8) [0, 53, 1, 167, 0, 154, 0, 1]
 SEND     PING undefined
 RECIEVE  FILL_AREA(10) [0, 53, 1, 167, 0, 1, 0, 18, 6, 0]
 RECIEVE  FILL_AREA(10) [0, 53, 1, 167, 0, 4, 0, 1, 6, 0]
 RECIEVE  EMPTY_TRAIL_WITH_LAST_POS(6) [0, 154, 0, 55, 1, 167]
 RECIEVE  FILL_AREA(10) [0, 54, 1, 168, 0, 2, 0, 16, 6, 0]
 RECIEVE  PLAYER_POS(8) [0, 57, 1, 167, 0, 154, 3, 0]
 RECIEVE  PONG []
 RECIEVE  SET_TRAIL(6) [0, 154, 0, 57, 1, 166]
 RECIEVE  PLAYER_POS(8) [0, 57, 1, 165, 0, 154, 2, 1]
 RECIEVE  PLAYER_POS(8) [0, 55, 1, 165, 0, 154, 1, 1]
 RECIEVE  MY_RANK(2) [0, 48]
 RECIEVE  LEADERBOARD(138) [0, 57, 0, 0, 112, 82, 15, 80, 108, 97, 116, 102, 111, 114, 109, 32, 57, 32, 51, 47, 52, 126, 0, 0, 79, 48, 3, 86, 105, 107, 0, 0, 77, 3, 5, 109, 97, 114, 103, 101, 0, 0, 68, 248, 5, 80, 97, 112, 101, 114, 0, 0, 49, 98, 0, 0, 0, 29, 25, 8, 98, 97, 98, 121, 103, 105, 114, 108, 0, 0, 28, 92, 15, 32, 32, 32, 32, 32, 32, 66, 111, 111, 109, 115, 108, 97, 110, 103, 0, 0, 28, 63, 20, 116, 97, 110, 110, 101, 114, 32, …]
 RECIEVE  MINIMAP(201) [2, 30, 248, 243, 15, 32, 255, 195, 29, 0, 0, 30, 24, 240, 15, 32, 255, 195, 31, 0, 0, 14, 16, 240, 15, 0, 252, 241, 63, 0, 2, 14, 0, 240, 79, 0, 248, 240, 15, 0, 0, 14, 0, 240, 15, 0, 248, 241, 15, 0, 0, 14, 0, 240, 15, 0, 136, 241, 7, 0, 0, 14, 0, 0, 0, 24, 8, 241, 7, 0, 0, 14, 0, 6, 0, 24, 8, 241, 7, 128, 170, 14, 0, 6, 192, 127, 136, 240, 7, 128, 170, 130, 0, 255, 255, 127, 136, 240, 7, 0, …]
 RECIEVE  FILL_AREA(10) [0, 57, 1, 165, 0, 1, 0, 2, 6, 0]
 RECIEVE  FILL_AREA(10) [0, 55, 1, 165, 0, 3, 0, 1, 6, 0]
 RECIEVE  FILL_AREA(10) [0, 55, 1, 165, 0, 1, 0, 3, 6, 0]
 RECIEVE  EMPTY_TRAIL_WITH_LAST_POS(6) [0, 154, 0, 55, 1, 166]
 RECIEVE  PLAYER_POS(8) [0, 55, 1, 167, 0, 154, 2, 0]
 RECIEVE  FILL_AREA(10) [0, 56, 1, 166, 0, 1, 0, 1, 6, 0]
 SEND     UPDATE_DIR {dir: 3, coord: Array(2)}
 RECIEVE  PLAYER_POS(8) [0, 57, 1, 140, 0, 0, 3, 1]
 SEND     UPDATE_DIR {dir: 2, coord: Array(2)}
 RECIEVE  PLAYER_POS(8) [0, 53, 1, 167, 0, 154, 3, 0]
 RECIEVE  CHUNK_OF_BLOCKS(263) [0, 35, 1, 114, 0, 51, 0, 5, 1, 1, 1, 1, 1, 1, 1, 1, 1, 1, 1, 1, 1, 1, 1, 1, 1, 1, 1, 1, 1, 1, 1, 1, 1, 1, 1, 1, 1, 1, 1, 1, 1, 1, 1, 1, 1, 1, 1, 1, 1, 1, 1, 1, 1, 1, 1, 1, 1, 1, 1, 1, 1, 1, 1, 1, 1, 1, 1, 1, 1, 1, 1, 1, 1, 1, 1, 1, 1, 1, 1, 1, 1, 1, 1, 1, 1, 1, 1, 1, 1, 1, 1, 1, 1, 1, 1, 1, 1, 1, 1, 1, …]
 RECIEVE  SET_TRAIL(6) [0, 154, 0, 53, 1, 166]
 RECIEVE  PLAYER_POS(8) [0, 57, 1, 139, 0, 0, 2, 1]
 SEND     UPDATE_DIR {dir: 1, coord: Array(2)}
 RECIEVE  PLAYER_POS(8) [0, 56, 1, 139, 0, 0, 1, 1]
 RECIEVE  CHUNK_OF_BLOCKS(263) [0, 31, 1, 114, 0, 5, 0, 51, 1, 1, 1, 1, 1, 1, 1, 1, 1, 1, 1, 1, 1, 1, 1, 1, 1, 1, 1, 1, 1, 1, 1, 1, 1, 1, 1, 1, 1, 1, 1, 1, 1, 1, 1, 1, 1, 1, 1, 1, 1, 1, 1, 1, 1, 1, 1, 1, 1, 1, 1, 1, 1, 1, 1, 1, 1, 1, 1, 1, 1, 1, 1, 1, 1, 1, 1, 1, 1, 1, 1, 1, 1, 1, 1, 1, 1, 1, 1, 1, 1, 1, 1, 1, 1, 1, 1, 1, 1, 1, 1, 1, …]
 RECIEVE  FILL_AREA(10) [0, 57, 1, 140, 0, 1, 0, 1, 2, 0]
 RECIEVE  FILL_AREA(10) [0, 57, 1, 140, 0, 1, 0, 1, 2, 0]
 RECIEVE  FILL_AREA(10) [0, 57, 1, 139, 0, 1, 0, 2, 2, 0]
 RECIEVE  FILL_AREA(10) [0, 56, 1, 139, 0, 2, 0, 1, 2, 0]
 RECIEVE  FILL_AREA(10) [0, 56, 1, 139, 0, 1, 0, 3, 2, 0]
 RECIEVE  EMPTY_TRAIL_WITH_LAST_POS(6) [0, 0, 0, 56, 1, 140]
 RECIEVE  MY_SCORE(6) [0, 0, 0, 93, 0, 0]
 SEND     UPDATE_DIR {dir: 2, coord: Array(2)}
 RECIEVE  PLAYER_POS(8) [0, 56, 1, 142, 0, 0, 2, 0]
 SEND     UPDATE_DIR {dir: 4, coord: Array(2)}
 RECIEVE  SET_TRAIL(6) [0, 0, 0, 53, 1, 142]
 RECIEVE  PLAYER_POS(8) [0, 53, 1, 142, 0, 0, 4, 1]
 RECIEVE  MINIMAP(201) [3, 254, 128, 135, 255, 255, 125, 39, 0, 128, 170, 254, 131, 135, 255, 255, 1, 63, 0, 0, 0, 254, 131, 135, 255, 255, 1, 63, 0, 0, 0, 254, 159, 135, 254, 255, 1, 7, 0, 0, 0, 254, 255, 128, 254, 255, 8, 224, 255, 255, 255, 254, 127, 128, 224, 255, 8, 192, 255, 255, 255, 254, 127, 129, 224, 255, 0, 192, 255, 255, 255, 254, 127, 128, 192, 255, 16, 192, 255, 255, 255, 254, 31, 0, 0, 240, 16, 192, 255, 255, 255, 254, 15, 0, 0, 0, 144, 193, 255, 255, …]
 RECIEVE  PLAYER_POS(8) [0, 53, 1, 154, 0, 154, 0, 1]
 RECIEVE  PLAYER_POS(7) [0, 75, 1, 112, 0, 229, 1]
 RECIEVE  SET_TRAIL(10) [0, 229, 0, 85, 1, 100, 0, 75, 1, 100]
 RECIEVE  PLAYER_NAME(13) [0, 229, 83, 113, 117, 97, 114, 101, 101, 97, 116, 101, 114]
 RECIEVE  PLAYER_SKIN(3) [0, 229, 1]
 RECIEVE  PLAYER_POS(8) [0, 56, 1, 154, 0, 154, 1, 1]
 RECIEVE  PLAYER_POS(8) [0, 75, 1, 112, 0, 229, 0, 1]
 SEND     PING undefined
 RECIEVE  PONG []
 RECIEVE  MINIMAP(201) [0, 0, 0, 0, 0, 0, 0, 0, 0, 0, 0, 254, 63, 226, 255, 143, 31, 0, 31, 0, 255, 254, 63, 224, 255, 143, 31, 0, 15, 0, 255, 254, 63, 224, 255, 159, 31, 0, 14, 0, 255, 254, 31, 224, 255, 159, 31, 0, 0, 0, 63, 254, 15, 224, 255, 159, 31, 0, 0, 248, 63, 254, 15, 224, 255, 159, 31, 0, 0, 240, 63, 254, 15, 224, 255, 159, 31, 0, 0, 240, 127, 254, 7, 240, 255, 159, 31, 0, 254, 241, 127, 224, 1, 240, 255, 159, 31, 0, 254, 241, …]
 RECIEVE  MY_RANK(2) [0, 46]
 RECIEVE  LEADERBOARD(137) [0, 53, 0, 0, 114, 118, 15, 80, 108, 97, 116, 102, 111, 114, 109, 32, 57, 32, 51, 47, 52, 126, 0, 0, 79, 150, 3, 86, 105, 107, 0, 0, 77, 3, 5, 109, 97, 114, 103, 101, 0, 0, 68, 248, 5, 80, 97, 112, 101, 114, 0, 0, 49, 98, 0, 0, 0, 29, 20, 8, 98, 97, 98, 121, 103, 105, 114, 108, 0, 0, 28, 173, 6, 67, 104, 117, 100, 100, 121, 0, 0, 28, 108, 15, 32, 32, 32, 32, 32, 32, 66, 111, 111, 109, 115, 108, 97, 110, 103, 0, …]
 RECIEVE  FILL_AREA(10) [0, 53, 1, 154, 0, 1, 0, 13, 6, 0]
 RECIEVE  FILL_AREA(10) [0, 53, 1, 154, 0, 4, 0, 1, 6, 0]
 RECIEVE  FILL_AREA(10) [0, 56, 1, 154, 0, 1, 0, 12, 6, 0]
 RECIEVE  EMPTY_TRAIL_WITH_LAST_POS(6) [0, 154, 0, 56, 1, 164]
 RECIEVE  PLAYER_POS(8) [0, 56, 1, 165, 0, 154, 0, 0]
 RECIEVE  FILL_AREA(10) [0, 54, 1, 155, 0, 1, 0, 12, 6, 0]
 RECIEVE  FILL_AREA(10) [0, 55, 1, 155, 0, 1, 0, 10, 6, 0]
 RECIEVE  SET_TRAIL(6) [0, 154, 0, 58, 1, 165]
 RECIEVE  PLAYER_POS(8) [0, 91, 1, 112, 0, 229, 3, 1]
 RECIEVE  MINIMAP(201) [1, 30, 0, 254, 255, 1, 54, 0, 254, 1, 48, 158, 3, 252, 255, 1, 22, 0, 254, 255, 1, 158, 3, 248, 255, 1, 0, 0, 0, 254, 241, 158, 3, 0, 254, 129, 1, 0, 0, 254, 241, 158, 7, 0, 0, 128, 59, 0, 4, 254, 241, 128, 7, 64, 0, 0, 63, 0, 0, 254, 63, 0, 0, 128, 0, 0, 63, 0, 192, 255, 63, 48, 0, 0, 0, 0, 56, 0, 198, 255, 63, 48, 0, 0, 0, 0, 56, 0, 0, 254, 63, 48, 0, 3, 0, 0, 30, 0, 0, 0, …]
 RECIEVE  PLAYER_POS(8) [0, 61, 1, 165, 0, 154, 3, 1]
 RECIEVE  FILL_AREA(10) [0, 75, 1, 100, 0, 1, 0, 13, 3, 8]
 RECIEVE  FILL_AREA(10) [0, 75, 1, 112, 0, 17, 0, 1, 3, 8]
 RECIEVE  EMPTY_TRAIL_WITH_LAST_POS(6) [0, 229, 0, 91, 1, 105]
 RECIEVE  REMOVE_PLAYER(2) [0, 229]
 RECIEVE  FILL_AREA(10) [0, 76, 1, 101, 0, 10, 0, 11, 3, 8]
 RECIEVE  PLAYER_POS(8) [0, 61, 1, 156, 0, 154, 2, 1]
 RECIEVE  MINIMAP(201) [2, 30, 248, 243, 31, 32, 255, 243, 29, 0, 0, 30, 24, 240, 31, 32, 255, 243, 31, 0, 0, 14, 16, 240, 15, 0, 252, 241, 63, 0, 2, 14, 0, 240, 79, 32, 248, 240, 15, 0, 0, 14, 0, 240, 15, 0, 248, 241, 15, 0, 0, 14, 0, 240, 15, 0, 136, 241, 7, 0, 0, 14, 0, 0, 0, 24, 8, 241, 7, 0, 0, 14, 0, 6, 0, 24, 8, 241, 7, 128, 170, 14, 0, 6, 192, 127, 136, 240, 7, 128, 170, 130, 0, 255, 255, 127, 136, 240, 7, 0, …]
 RECIEVE  FILL_AREA(10) [0, 58, 1, 165, 0, 4, 0, 1, 6, 0]
 RECIEVE  FILL_AREA(10) [0, 61, 1, 156, 0, 1, 0, 10, 6, 0]
 RECIEVE  FILL_AREA(10) [0, 56, 1, 156, 0, 6, 0, 1, 6, 0]
 RECIEVE  EMPTY_TRAIL_WITH_LAST_POS(6) [0, 154, 0, 57, 1, 156]
 RECIEVE  PLAYER_POS(8) [0, 57, 1, 156, 0, 154, 3, 0]
 RECIEVE  FILL_AREA(10) [0, 57, 1, 157, 0, 4, 0, 8, 6, 0]
 RECIEVE  SET_TRAIL(6) [0, 154, 0, 57, 1, 155]
 SEND     UPDATE_DIR {dir: 3, coord: Array(2)}
 SEND     UPDATE_DIR {dir: 2, coord: Array(2)}
 SEND     PING undefined
 RECIEVE  PLAYER_POS(8) [0, 53, 1, 142, 0, 0, 3, 1]
 RECIEVE  PLAYER_POS(8) [0, 57, 1, 154, 0, 154, 0, 1]
 RECIEVE  PONG []
 RECIEVE  PLAYER_POS(8) [0, 53, 1, 141, 0, 0, 2, 1]
 RECIEVE  CHUNK_OF_BLOCKS(263) [0, 27, 1, 114, 0, 5, 0, 51, 1, 1, 1, 1, 1, 1, 1, 1, 1, 1, 1, 1, 1, 1, 1, 1, 1, 1, 1, 1, 1, 1, 1, 1, 1, 1, 1, 1, 1, 1, 1, 1, 1, 1, 1, 1, 1, 1, 1, 1, 1, 1, 1, 1, 1, 1, 1, 1, 1, 1, 1, 1, 1, 1, 1, 1, 1, 1, 1, 1, 1, 1, 1, 1, 1, 1, 1, 1, 1, 1, 1, 1, 1, 1, 1, 1, 1, 1, 1, 1, 1, 1, 1, 1, 1, 1, 1, 1, 1, 1, 1, 1, …]
 SEND     UPDATE_DIR {dir: 1, coord: Array(2)}
 RECIEVE  MY_RANK(2) [0, 46]
 RECIEVE  LEADERBOARD(137) [0, 52, 0, 0, 114, 118, 15, 80, 108, 97, 116, 102, 111, 114, 109, 32, 57, 32, 51, 47, 52, 126, 0, 0, 79, 150, 3, 86, 105, 107, 0, 0, 77, 3, 5, 109, 97, 114, 103, 101, 0, 0, 68, 248, 5, 80, 97, 112, 101, 114, 0, 0, 49, 75, 0, 0, 0, 34, 230, 20, 116, 97, 110, 110, 101, 114, 32, 108, 111, 111, 112, 32, 32, 32, 32, 32, 32, 32, 32, 32, 0, 0, 31, 52, 8, 98, 97, 98, 121, 103, 105, 114, 108, 0, 0, 29, 13, 6, 67, 104, …]
 SEND     UPDATE_DIR {dir: 0, coord: Array(2)}
 RECIEVE  PLAYER_POS(8) [0, 49, 1, 141, 0, 0, 1, 1]
 RECIEVE  MINIMAP(201) [3, 254, 128, 135, 255, 255, 127, 3, 0, 128, 170, 254, 131, 135, 255, 255, 1, 7, 0, 0, 0, 254, 131, 135, 255, 255, 1, 7, 0, 0, 0, 254, 159, 135, 254, 255, 1, 7, 0, 0, 0, 254, 255, 128, 254, 255, 8, 240, 255, 255, 255, 254, 127, 128, 224, 255, 8, 192, 255, 255, 255, 254, 127, 129, 224, 255, 0, 192, 255, 255, 255, 254, 127, 128, 192, 255, 16, 192, 255, 255, 255, 254, 31, 128, 0, 240, 16, 192, 255, 255, 255, 254, 15, 128, 0, 0, 208, 193, 255, 255, …]
 RECIEVE  PLAYER_POS(8) [0, 49, 1, 144, 0, 0, 0, 1]
 RECIEVE  CHUNK_OF_BLOCKS(263) [0, 27, 1, 164, 0, 51, 0, 5, 1, 1, 1, 1, 1, 1, 1, 1, 1, 1, 1, 1, 1, 1, 1, 1, 1, 1, 1, 1, 1, 1, 1, 1, 1, 1, 1, 1, 1, 1, 1, 1, 1, 1, 1, 1, 1, 1, 1, 1, 1, 1, 1, 1, 1, 1, 1, 1, 1, 1, 1, 1, 1, 1, 1, 1, 1, 1, 1, 1, 1, 1, 1, 1, 1, 1, 1, 1, 1, 1, 1, 1, 1, 1, 1, 1, 1, 1, 1, 1, 1, 1, 1, 1, 1, 1, 1, 1, 1, 1, 1, 1, …]
 SEND     UPDATE_DIR {dir: 1, coord: Array(2)}
 RECIEVE  PLAYER_POS(8) [0, 69, 1, 154, 0, 154, 1, 1]
 RECIEVE  PLAYER_POS(8) [0, 53, 1, 144, 0, 0, 1, 1]
 SEND     UPDATE_DIR {dir: 0, coord: Array(2)}
 RECIEVE  PLAYER_POS(8) [0, 69, 1, 156, 0, 154, 2, 1]
 RECIEVE  PLAYER_POS(8) [0, 53, 1, 147, 0, 0, 0, 1]
 SEND     UPDATE_DIR {dir: 3, coord: Array(2)}
 RECIEVE  CHUNK_OF_BLOCKS(263) [0, 77, 1, 119, 0, 5, 0, 51, 1, 1, 1, 1, 1, 1, 1, 1, 1, 1, 1, 1, 1, 1, 1, 1, 1, 1, 1, 1, 1, 1, 1, 1, 2, 2, 1, 1, 1, 1, 1, 1, 1, 1, 1, 1, 1, 1, 1, 1, 1, 1, 1, 1, 1, 1, 1, 1, 6, 6, 6, 1, 1, 1, 1, 1, 1, 1, 1, 1, 1, 1, 1, 1, 1, 1, 1, 1, 1, 1, 1, 1, 1, 1, 1, 1, 1, 1, 1, 1, 1, 1, 1, 1, 1, 1, 1, 1, 1, 1, 1, 1, …]
 RECIEVE  MINIMAP(201) [0, 0, 0, 0, 0, 0, 0, 0, 0, 0, 0, 254, 63, 226, 255, 143, 31, 0, 31, 0, 255, 254, 63, 224, 255, 143, 159, 0, 15, 0, 255, 254, 63, 224, 255, 159, 31, 0, 14, 0, 255, 254, 31, 224, 255, 159, 31, 0, 0, 0, 63, 254, 15, 224, 255, 159, 31, 0, 0, 248, 63, 254, 15, 224, 255, 159, 31, 0, 0, 240, 63, 254, 15, 224, 255, 159, 31, 0, 0, 240, 127, 254, 7, 240, 255, 159, 31, 128, 255, 241, 127, 254, 1, 240, 255, 159, 31, 0, 254, 241, …]
 RECIEVE  PLAYER_POS(8) [0, 58, 1, 147, 0, 0, 3, 1]
 SEND     UPDATE_DIR {dir: 0, coord: Array(2)}
 RECIEVE  FILL_AREA(10) [0, 53, 1, 142, 0, 1, 0, 1, 2, 0]
 RECIEVE  FILL_AREA(10) [0, 53, 1, 142, 0, 1, 0, 1, 2, 0]
 RECIEVE  FILL_AREA(10) [0, 53, 1, 141, 0, 1, 0, 2, 2, 0]
 RECIEVE  FILL_AREA(10) [0, 49, 1, 141, 0, 5, 0, 1, 2, 0]
 RECIEVE  FILL_AREA(10) [0, 49, 1, 141, 0, 1, 0, 4, 2, 0]
 RECIEVE  FILL_AREA(10) [0, 49, 1, 144, 0, 5, 0, 1, 2, 0]
 RECIEVE  FILL_AREA(10) [0, 53, 1, 144, 0, 1, 0, 4, 2, 0]
 RECIEVE  FILL_AREA(10) [0, 53, 1, 147, 0, 6, 0, 1, 2, 0]
 RECIEVE  FILL_AREA(10) [0, 58, 1, 146, 0, 1, 0, 2, 2, 0]
 RECIEVE  EMPTY_TRAIL_WITH_LAST_POS(6) [0, 0, 0, 58, 1, 147]
 RECIEVE  FILL_AREA(10) [0, 50, 1, 142, 0, 3, 0, 2, 2, 0]
 RECIEVE  FILL_AREA(10) [0, 53, 1, 143, 0, 1, 0, 1, 2, 0]
 RECIEVE  FILL_AREA(10) [0, 54, 1, 146, 0, 3, 0, 1, 2, 0]
 RECIEVE  MY_SCORE(6) [0, 0, 0, 124, 0, 0]
 RECIEVE  PLAYER_POS(8) [0, 58, 1, 146, 0, 0, 0, 0]
 RECIEVE  FILL_AREA(10) [0, 57, 1, 154, 0, 1, 0, 2, 6, 0]
 RECIEVE  FILL_AREA(10) [0, 57, 1, 154, 0, 13, 0, 1, 6, 0]
 RECIEVE  FILL_AREA(10) [0, 69, 1, 154, 0, 1, 0, 3, 6, 0]
 RECIEVE  FILL_AREA(10) [0, 61, 1, 156, 0, 9, 0, 1, 6, 0]
 RECIEVE  EMPTY_TRAIL_WITH_LAST_POS(6) [0, 154, 0, 62, 1, 156]
 RECIEVE  PLAYER_POS(8) [0, 61, 1, 156, 0, 154, 1, 0]
 RECIEVE  FILL_AREA(10) [0, 58, 1, 155, 0, 11, 0, 1, 6, 0]
 SEND     UPDATE_DIR {dir: 3, coord: Array(2)}
 RECIEVE  PLAYER_POS(8) [0, 61, 1, 159, 0, 154, 0, 0]
 RECIEVE  PLAYER_POS(8) [0, 62, 1, 146, 0, 0, 3, 0]
 RECIEVE  CHUNK_OF_BLOCKS(263) [0, 82, 1, 119, 0, 5, 0, 51, 1, 1, 1, 1, 1, 1, 1, 1, 1, 1, 1, 1, 1, 1, 1, 1, 1, 1, 1, 1, 1, 1, 1, 1, 1, 1, 1, 1, 1, 1, 1, 1, 1, 1, 1, 1, 1, 1, 1, 1, 1, 1, 1, 1, 1, 1, 1, 1, 6, 6, 6, 1, 1, 1, 1, 1, 1, 1, 1, 1, 1, 1, 1, 1, 1, 1, 1, 1, 1, 1, 1, 1, 1, 1, 1, 1, 1, 1, 1, 1, 1, 1, 1, 1, 1, 1, 1, 1, 1, 1, 1, 1, …]
 RECIEVE  SET_TRAIL(6) [0, 154, 0, 62, 1, 159]
 RECIEVE  PLAYER_POS(7) [0, 86, 1, 114, 0, 229, 1]
 RECIEVE  SET_TRAIL(6) [0, 229, 0, 86, 1, 113]
 RECIEVE  PLAYER_NAME(13) [0, 229, 83, 113, 117, 97, 114, 101, 101, 97, 116, 101, 114]
 RECIEVE  PLAYER_SKIN(3) [0, 229, 1]
 SEND     PING undefined
 RECIEVE  PONG []
 SEND     UPDATE_DIR {dir: 2, coord: Array(2)}
 RECIEVE  SET_TRAIL(6) [0, 0, 0, 62, 1, 142]
 RECIEVE  MINIMAP(201) [1, 30, 0, 254, 255, 1, 6, 0, 254, 1, 48, 158, 3, 252, 255, 1, 14, 0, 254, 255, 1, 158, 3, 248, 255, 1, 14, 16, 0, 254, 241, 158, 3, 0, 254, 129, 15, 0, 0, 254, 241, 158, 7, 0, 0, 128, 59, 0, 0, 254, 241, 128, 7, 64, 0, 0, 63, 0, 0, 254, 63, 128, 1, 128, 0, 0, 63, 0, 192, 255, 63, 176, 1, 4, 0, 0, 63, 0, 198, 255, 63, 176, 1, 12, 0, 0, 63, 240, 0, 254, 63, 48, 0, 15, 0, 0, 31, 0, 0, 0, …]
 RECIEVE  PLAYER_POS(8) [0, 62, 1, 140, 0, 0, 2, 1]
 RECIEVE  CHUNK_OF_BLOCKS(263) [0, 37, 1, 115, 0, 51, 0, 5, 1, 1, 1, 1, 1, 1, 1, 1, 1, 1, 1, 1, 1, 1, 1, 1, 1, 1, 1, 1, 1, 1, 1, 1, 1, 1, 1, 1, 1, 1, 1, 1, 1, 1, 1, 1, 1, 1, 1, 1, 1, 1, 1, 1, 1, 1, 1, 1, 1, 1, 1, 1, 1, 1, 1, 1, 1, 1, 1, 1, 1, 1, 1, 1, 1, 1, 1, 1, 1, 1, 1, 1, 1, 1, 1, 1, 1, 1, 1, 1, 1, 1, 1, 1, 1, 1, 1, 1, 1, 1, 1, 1, …]
 RECIEVE  PLAYER_POS(7) [0, 32, 1, 117, 0, 162, 0]
 RECIEVE  SET_TRAIL(6) [0, 162, 0, 18, 1, 117]
 RECIEVE  PLAYER_NAME(12) [0, 162, 69, 108, 84, 105, 110, 111, 70, 105, 110, 111]
 RECIEVE  PLAYER_SKIN(3) [0, 162, 4]
 SEND     UPDATE_DIR {dir: 3, coord: Array(2)}
 RECIEVE  MY_RANK(2) [0, 46]
 RECIEVE  LEADERBOARD(137) [0, 51, 0, 0, 114, 178, 15, 80, 108, 97, 116, 102, 111, 114, 109, 32, 57, 32, 51, 47, 52, 126, 0, 0, 79, 222, 3, 86, 105, 107, 0, 0, 76, 146, 5, 109, 97, 114, 103, 101, 0, 0, 68, 248, 5, 80, 97, 112, 101, 114, 0, 0, 49, 131, 0, 0, 0, 34, 230, 20, 116, 97, 110, 110, 101, 114, 32, 108, 111, 111, 112, 32, 32, 32, 32, 32, 32, 32, 32, 32, 0, 0, 32, 144, 8, 98, 97, 98, 121, 103, 105, 114, 108, 0, 0, 29, 62, 8, 106, 111, …]
 RECIEVE  PLAYER_POS(8) [0, 69, 1, 159, 0, 154, 3, 1]
 SEND     UPDATE_DIR {dir: 2, coord: Array(2)}
 RECIEVE  PLAYER_POS(8) [0, 58, 1, 140, 0, 0, 3, 1]
 RECIEVE  CHUNK_OF_BLOCKS(263) [0, 33, 1, 115, 0, 5, 0, 51, 1, 1, 1, 1, 1, 1, 1, 1, 1, 1, 1, 1, 1, 1, 1, 1, 1, 1, 1, 1, 1, 1, 1, 1, 1, 1, 1, 1, 1, 1, 1, 1, 1, 1, 1, 1, 1, 1, 1, 1, 1, 1, 1, 1, 1, 1, 1, 1, 1, 1, 1, 1, 1, 1, 1, 1, 1, 1, 1, 1, 1, 1, 1, 1, 1, 1, 1, 1, 1, 1, 1, 1, 1, 1, 1, 1, 1, 1, 1, 1, 1, 1, 1, 1, 1, 1, 1, 1, 1, 1, 1, 1, …]
 RECIEVE  PLAYER_POS(8) [0, 58, 1, 139, 0, 0, 2, 1]
 SEND     UPDATE_DIR {dir: 1, coord: Array(2)}
 RECIEVE  FILL_AREA(10) [0, 62, 1, 159, 0, 8, 0, 1, 6, 0]
 RECIEVE  FILL_AREA(10) [0, 69, 1, 156, 0, 1, 0, 4, 6, 0]
 RECIEVE  EMPTY_TRAIL_WITH_LAST_POS(6) [0, 154, 0, 69, 1, 157]
 RECIEVE  FILL_AREA(10) [0, 62, 1, 157, 0, 7, 0, 2, 6, 0]
 RECIEVE  FILL_AREA(10) [0, 62, 1, 140, 0, 1, 0, 3, 2, 0]
 RECIEVE  FILL_AREA(10) [0, 58, 1, 140, 0, 5, 0, 1, 2, 0]
 RECIEVE  FILL_AREA(10) [0, 58, 1, 139, 0, 1, 0, 2, 2, 0]
 RECIEVE  FILL_AREA(10) [0, 57, 1, 139, 0, 2, 0, 1, 2, 0]
 RECIEVE  EMPTY_TRAIL_WITH_LAST_POS(6) [0, 0, 0, 58, 1, 139]
 RECIEVE  FILL_AREA(10) [0, 59, 1, 141, 0, 3, 0, 2, 2, 0]
 RECIEVE  MY_SCORE(6) [0, 0, 0, 138, 0, 0]
 RECIEVE  PLAYER_POS(8) [0, 56, 1, 139, 0, 0, 1, 0]
 SEND     UPDATE_DIR {dir: 2, coord: Array(2)}
 RECIEVE  PLAYER_POS(8) [0, 69, 1, 154, 0, 154, 0, 0]
 RECIEVE  SET_TRAIL(6) [0, 154, 0, 70, 1, 154]
 RECIEVE  PLAYER_POS(8) [0, 56, 1, 141, 0, 0, 2, 0]
 RECIEVE  PLAYER_POS(8) [0, 86, 1, 126, 0, 229, 2, 1]
 SEND     UPDATE_DIR {dir: 3, coord: Array(2)}
 RECIEVE  CHUNK_OF_BLOCKS(263) [0, 29, 1, 115, 0, 5, 0, 51, 1, 1, 1, 1, 1, 1, 1, 1, 1, 1, 1, 1, 1, 1, 1, 1, 1, 1, 1, 1, 1, 1, 1, 1, 1, 1, 1, 1, 1, 1, 1, 1, 1, 1, 1, 1, 1, 1, 1, 1, 1, 1, 1, 1, 1, 1, 1, 1, 1, 1, 1, 1, 1, 1, 1, 1, 1, 1, 1, 1, 1, 1, 1, 1, 1, 1, 1, 1, 1, 1, 1, 1, 1, 1, 1, 1, 1, 1, 1, 1, 1, 1, 1, 1, 1, 1, 1, 1, 1, 1, 1, 1, …]
 RECIEVE  MINIMAP(201) [2, 30, 248, 3, 0, 0, 48, 240, 29, 0, 0, 30, 24, 0, 0, 0, 48, 240, 31, 0, 0, 14, 16, 0, 0, 0, 8, 240, 63, 0, 2, 14, 0, 0, 64, 0, 8, 240, 15, 0, 0, 14, 0, 0, 0, 0, 136, 241, 15, 0, 0, 14, 0, 0, 0, 0, 136, 241, 7, 0, 0, 14, 240, 3, 0, 24, 8, 241, 7, 0, 0, 14, 240, 7, 0, 24, 8, 241, 7, 128, 170, 142, 255, 7, 192, 127, 136, 240, 7, 128, 170, 130, 255, 255, 255, 127, 136, 240, 7, 0, …]
 RECIEVE  PLAYER_POS(8) [0, 53, 1, 141, 0, 0, 3, 0]
 RECIEVE  SET_TRAIL(6) [0, 0, 0, 53, 1, 140]
 RECIEVE  CHUNK_OF_BLOCKS(263) [0, 29, 1, 111, 0, 51, 0, 5, 1, 1, 1, 1, 1, 1, 1, 1, 1, 1, 1, 1, 1, 1, 1, 1, 1, 1, 1, 1, 1, 1, 1, 1, 1, 1, 1, 1, 1, 1, 1, 1, 1, 1, 1, 1, 1, 1, 1, 1, 1, 1, 1, 1, 1, 1, 1, 1, 1, 1, 1, 1, 1, 1, 1, 1, 1, 1, 1, 1, 1, 1, 1, 1, 1, 1, 1, 1, 1, 1, 1, 1, 1, 1, 1, 1, 1, 1, 1, 1, 1, 1, 1, 1, 1, 1, 1, 1, 1, 1, 1, 1, …]
 SEND     UPDATE_DIR {dir: 2, coord: Array(2)}
 RECIEVE  PLAYER_POS(8) [0, 53, 1, 133, 0, 0, 2, 1]
 SEND     UPDATE_DIR {dir: 1, coord: Array(2)}
 RECIEVE  PLAYER_POS(8) [0, 75, 1, 126, 0, 229, 3, 1]
 SEND     UPDATE_DIR {dir: 0, coord: Array(2)}
 RECIEVE  PLAYER_POS(8) [0, 51, 1, 133, 0, 0, 1, 1]
 RECIEVE  PLAYER_POS(8) [0, 51, 1, 134, 0, 0, 0, 1]
 RECIEVE  MINIMAP(201) [3, 254, 128, 135, 255, 255, 127, 3, 0, 128, 170, 254, 243, 135, 255, 255, 63, 7, 0, 0, 0, 254, 243, 135, 255, 255, 63, 7, 0, 0, 0, 254, 255, 135, 254, 255, 63, 7, 0, 0, 0, 254, 255, 128, 254, 255, 8, 248, 255, 255, 255, 254, 127, 128, 224, 255, 8, 200, 255, 255, 255, 254, 127, 129, 224, 255, 0, 192, 255, 255, 255, 254, 127, 128, 192, 255, 16, 192, 255, 255, 255, 254, 31, 128, 0, 240, 16, 192, 255, 255, 255, 254, 15, 128, 0, 0, 208, 193, 255, 255, …]
 RECIEVE  PLAYER_POS(8) [0, 84, 1, 154, 0, 154, 1, 1]
 RECIEVE  PLAYER_DIE(6) [0, 0, 0, 53, 1, 134]
 RECIEVE  MY_SCORE(6) [0, 0, 0, 138, 0, 1]
 RECIEVE  PLAYER_HIT_LINE(8) [0, 0, 0, 0, 53, 1, 134, 1]
 SEND     UPDATE_DIR {dir: 1, coord: Array(2)}
 RECIEVE  PLAYER_POS(7) [0, 53, 1, 134, 0, 0, 0]
 SEND     PING undefined
 RECIEVE  PONG []
 SEND     UPDATE_DIR {dir: 0, coord: Array(2)}
 RECIEVE  PLAYER_POS(7) [0, 53, 1, 134, 0, 0, 0]
 RECIEVE  PLAYER_POS(8) [0, 59, 1, 117, 0, 162, 1, 1]
 SEND     UPDATE_DIR {dir: 1, coord: Array(2)}
 RECIEVE  FILL_AREA(10) [0, 49, 1, 141, 0, 4, 0, 4, 1, 0]
 RECIEVE  FILL_AREA(10) [0, 53, 1, 141, 0, 3, 0, 7, 1, 0]
 RECIEVE  FILL_AREA(10) [0, 56, 1, 139, 0, 3, 0, 9, 1, 0]
 RECIEVE  FILL_AREA(10) [0, 59, 1, 140, 0, 4, 0, 7, 1, 0]
 RECIEVE  FILL_AREA(10) [0, 63, 1, 143, 0, 8, 0, 4, 1, 0]
 RECIEVE  FILL_AREA(10) [0, 71, 1, 143, 0, 7, 0, 2, 1, 0]
 RECIEVE  YOU_DED(21) [0, 0, 0, 138, 0, 1, 0, 46, 0, 0, 0, 30, 0, 0, 0, 0, 3, 116, 101, 115, 116]
 SEND     UPDATE_DIR {dir: 2, coord: Array(2)}
 RECIEVE  PLAYER_POS(8) [0, 59, 1, 120, 0, 162, 2, 1]
 RECIEVE  FILL_AREA(10) [0, 75, 1, 126, 0, 12, 0, 1, 3, 8]
 RECIEVE  FILL_AREA(10) [0, 75, 1, 112, 0, 1, 0, 15, 3, 8]
 RECIEVE  EMPTY_TRAIL_WITH_LAST_POS(6) [0, 229, 0, 75, 1, 113]
 RECIEVE  PLAYER_POS(8) [0, 75, 1, 112, 0, 229, 2, 0]
 RECIEVE  FILL_AREA(10) [0, 76, 1, 113, 0, 10, 0, 13, 3, 8]
 RECIEVE  SET_TRAIL(6) [0, 229, 0, 74, 1, 112]
 RECIEVE  FILL_AREA(10) [0, 70, 1, 154, 0, 15, 0, 1, 6, 0]
 RECIEVE  EMPTY_TRAIL_WITH_LAST_POS(6) [0, 154, 0, 84, 1, 166]
 RECIEVE  REMOVE_PLAYER(2) [0, 154]
 RECIEVE  FILL_AREA(10) [0, 62, 1, 160, 0, 8, 0, 7, 6, 0]
 RECIEVE  FILL_AREA(10) [0, 70, 1, 155, 0, 14, 0, 12, 6, 0]
 RECIEVE  PLAYER_POS(8) [0, 42, 1, 120, 0, 162, 3, 1]
 SEND     UPDATE_DIR {dir: 1, coord: Array(2)}
 RECIEVE  PLAYER_POS(8) [0, 58, 1, 112, 0, 229, 1, 1]
 SEND     UPDATE_DIR {dir: 0, coord: Array(2)}
 RECIEVE  PLAYER_DIE(6) [0, 162, 0, 42, 1, 117]
 RECIEVE  PLAYER_HIT_LINE(7) [0, 162, 4, 0, 42, 1, 117]
 SEND     UPDATE_DIR {dir: 1, coord: Array(2)}
 SEND     PING undefined
 RECIEVE  PONG []
 SEND     UPDATE_DIR {dir: 0, coord: Array(2)}
 RECIEVE  PLAYER_POS(8) [0, 58, 1, 122, 0, 229, 0, 1]
 RECIEVE  FILL_AREA(10) [0, 58, 1, 112, 0, 17, 0, 1, 3, 8]
 RECIEVE  FILL_AREA(10) [0, 58, 1, 112, 0, 1, 0, 11, 3, 8]
 RECIEVE  FILL_AREA(10) [0, 58, 1, 122, 0, 18, 0, 1, 3, 8]
 RECIEVE  EMPTY_TRAIL_WITH_LAST_POS(6) [0, 229, 0, 74, 1, 122]
 RECIEVE  FILL_AREA(10) [0, 59, 1, 113, 0, 16, 0, 9, 3, 8]
 RECIEVE  PLAYER_POS(8) [0, 75, 1, 122, 0, 229, 1, 0]
 SEND     UPDATE_DIR {dir: 1, coord: Array(2)}
 RECIEVE  REMOVE_PLAYER(2) [0, 162]
 RECIEVE  SET_TRAIL(6) [0, 229, 0, 75, 1, 127]
 SEND     PING undefined
 RECIEVE  PONG []